Date,Code,Investment_Money_Market,Investment_Other_Debt,Investment_Equity,Investment_Warran_and_Right,Cash,Dividend_Receivable,Interest_Receivable,Receivable_on_Security_Sold,Other_Receivable,Prepaid_Tax,Total_Assets,Payable_on_Security_Purchase,Other_Payable,Total_Liabilities,Total_Net_Assets,Subscription,Redemption,Retained_Earning,Distributed_Income,Unrealized_Gain__Loss,Realized_Gain__Loss,Net_Income,Total_NAV,Outstanding_Unit_Issued,NAV_per_Unit
20210104,CC002MXCAKTIFM00,2000000000,64171763835,77557023260,0,1753763903.4,0,848125704.24,0,0,520802961.36,146851479664,0,612882827.66,612882827.66,146238596836.34,247321623251.27,-180468227354.9,77378378684.42,0,1969068340,0,37753915.55,146238596836.34,85550193.7739,1709.39
20210104,CC002EQCDYNEQT00,8500000000,0,641141172145,0,558554178.54,0,1821917.81,0,0,2950732512.67,653152280754.02,0,3056969126.29,3056969126.29,650095311627.73,2214292956217.85,-1035365907182.41,-552131293293.69,0,23321177590,0,-21621704.02,650095311627.73,904818478.9786,718.48
20210104,CC002MXCDYNBLS00,3200000000,516601225,6932206700,0,142394795.06,0,3152351.31,1783561.64,0,51635248.41,10847773881.42,0,101165620.34,101165620.34,10746608261.08,183890212404.06,-185899471171.03,12600294194.52,0,157487435,0,-1914601.47,10746608261.08,8275963.9055,1298.53
20210104,CC002EQCINVEDF00,4200000000,0,39589140370,0,1827835622.68,0,364383.56,411479030,56856.15,402872449.34,46431748711.73,460369258,575760401.98,1036129659.98,45395619051.75,329831622575.4,-265369361866.27,-19974572706.89,0,868072356.24,59417496.76,-19558803.49,45395619051.75,38312657.1853,1184.87
20210104,CC002EQCINVEA500,46000000000,0,497317747073.08,0,17013779323.38,85898689.4,35400000,7384636399,205585,1855100284.76,569692767354.62,12290540285.48,7448308839.19,19738849124.67,549953918229.95,3011573139527.73,-2477738394865.94,4199989954.03,0,11237931046.81,300242721.56,381009845.74,549953918229.95,380198981.2379,1446.49
20210104,CC002EQCINVEQM00,45000000000,0,570975259965,0,1853326046.09,0,53471232.87,17167386003,0,3582226660.38,638631669907.34,21668974362,3955242710.07,25624217072.07,613007452835.27,3408242762744.47,-2708157079549.77,-94413013655.94,-6220901898.98,12011890050.66,1596710544.19,-52915399.36,613007452835.27,398728001.0919,1537.41
20210104,CC002IFCINDKLQ00,0,0,97163858500,0,4618195431.13,0,0,0,0,260085578.31,102042139509.44,2735049929,1717334202.04,4452384131.04,97589755378.4,88402676000,-132750000,6913743890.59,0,2410735500,0,-4650012.19,97589755378.4,90107209.2185,1083.04
20210104,CC002FICMINION00,0,101595823802.72,0,0,2814761863.13,0,1373713175.09,0,19303302,37553960.35,105841156103.29,0,524090416.42,524090416.42,105317065686.87,185498448091.56,-89520952876.44,8525184293.44,0,-829865251.27,0,1644251429.58,105317065686.87,94971416.8612,1108.93
20210104,CC002MMCINVPSU00,9955000000000,4240629102423,0,0,101001872010.66,0,71499085035.37,2459452054.78,1991155971.9,2201666443.49,14374782333939.2,46043312500,59547586079.59,105590898579.59,14269191435359.6,199394902832131,-188400905282796,3305735276641.66,-35523052457.74,-151955829,0,5133617671.28,14269191435359.6,9245768048.5201,1543.32
20210104,CC002MMSKPTSYA00,0,0,0,0,73699404,0,0,0,0,0,73699404,0,73067956.52,73067956.52,631447.48,1685100000000,-1708511550035.13,47635404846.04,-31506179999.04,0,0,7282962635.61,631447.48,0,0
20210104,CC002FICOBLUTA00,0,1687318821986.29,0,0,5800474670.66,0,26687155316.91,0,0,1448638700.38,1721255090674.24,0,517490231.58,517490231.58,1720737600442.66,2020534881711,-897018355878.75,797562509840.84,-203926954057.32,2243423640.08,0,1342095186.81,1720737600442.66,1145646611.5291,1501.98
20210104,CC002PFCPROTEK63,0,74250873200,0,0,758686540,0,60550000,0,0,0,75070109740,0,84637272.41,84637272.41,74985472467.59,70000000000,0,27563336090.28,-22650082192.55,14487200,0,57731369.86,74985472467.59,70000000,1071.22
20210104,MIPU02,94700000000,0,0,0,1041922315.8,0,172448060.52,0,69751943.26,0,95984122319.58,0,275620418.59,275620418.59,95708501900.99,1567140589983.37,-1487075415959.2,15617926090.56,0,0,0,25401786.26,95708501900.99,83723050.0887,1143.155939
20210104,OD002PFCDREKSA43,4500000000,30182607400,0,0,848218710.98,0,345609740.94,0,0,0,35876435851.92,0,56087507.38,56087507.38,35820348344.54,194150000000,-159000000000,43341266910.15,-46282018807.35,-89842700.62,-2051400000,5752342942.36,35820348344.54,35150001.1531,1019.071
20210104,CC002GFSGMSEQD00,0,0,97183338.72,0,17035689.79,17149.86,0,3352.76,25679.02,645908.42,114911118.57,1910050.21,7886717.19,9796767.4,105114351.17,553610865.32,-468180480.93,20035709.42,0,-645732.41,-1078.75,295068.58,105114351.17,66597088.8099,1.578363
20210104,CC002FICMPTINS00,2000000000,193963536176,0,0,10268874799.3723,0,3030960216.55696,0,0,0,209263371191.929,9667322000,148784030.755816,9816106030.75582,199447265161.173,896727998197,-754001603517.86,56195716847.61,0,421229850.99872,0.001278,103923783.423472,199447265161.173,141826303.702284,1406.278384
20210104,CC002FICOBLOPT02,23500000000,462913112841,58111861000,0,1128771765.4223,0,3662868699.43241,0,42468473,355702987.75,549714785766.605,0,212108430.326784,212108430.326784,549502677336.278,535000000000,-33424692191.76,119091349688.29,-72000000000,443761719.997539,0.002461,392258119.74792,549502677336.278,446169066.495376,1231.601916
20210104,CC002MMCDANOPT00,350000000000,0,0,0,55706721.532358,0,783499879.296328,0,0,0,350839206600.829,0,112793523.008753,112793523.008753,350726413077.82,1150000000000,-966635828759.91,167240069529.7,0,0,0,122172308.029414,350726413077.819,237214513.221175,1478.520046
20210104,CC002MMCMPUOPT00,0,0,0,0,40211531.257304,0,7050.798162,0,0,0,40218582.055466,0,40879081.728048,40879081.728048,-660499.672582,2390015000000,-2410636775219.75,20621376168.29,0,0,0,-261448.212582,-660499.672582,0,0
20210104,CC002PECCCSIPT00,0,250000000000,0,0,5289916.290002,0,13995834260.8971,0,0,0,264001124177.187,0,329077643.358134,329077643.358134,263672046533.829,250000000000,0,97748460674.77,-84368717808.24,0,0,292303667.29897,263672046533.829,250000000,1054.688186
20210104,CC002PECMIET1800,12200000000,0,2374081232000,0,6788927634.6695,0,16779296.906111,0,10035671232.88,0,2403122610164.46,0,13333938512.5868,13333938512.5868,2389788671651.87,2094313632016.01,-74313632016,369777418736.13,0,0.000133,0.002173,11252915.727791,2389788671651.87,2014392241.85043,1186.357166
20210104,CC002PECMINFEK00,225000000,0,304077807317.96,0,221332346.45808,0,186779.852971,0,0,0,304524326444.271,0,160752715.696768,160752715.696768,304363573728.574,235000000000,0,85064163615.6512,-15700000000.3,-5.5E-05,-0.001021,-589886.77574,304363573728.574,234595775.734066,1297.395798
20210104,CC002PFCPROTEK60,0,138883334890,0,0,3336161338.19,0,416241795.069931,0,0,0,142635738023.26,0,2975014545.88632,2975014545.88632,139660723477.374,137060000000,0,42716462776.5,-50343264520.06,-1153300250,0,11380825470.9336,139660723477.374,137060000,1018.975073
20210104,CC002EQCSHMATR00,88500000000,0,3886508750119,0,1096905605.79,0,186356164.39,3114473535,112890729,27121332666.68,4006640708819.86,19818185167,28022686399.45,47840871566.45,3958799837253.41,6744365301729.67,-4055859995268.19,1175101763560.21,0,95294229460,0,-101462228.28,3958799837253.41,2754788351.3511,1437.061339
20210104,MPSUSY,569000000000,194713588165,0,0,1875723067.65,0,2619388647.73,0,498056869.68,39600,768706796350.06,0,1406549991.44,1406549991.44,767300246358.62,2596347989946.25,-1878665389920.85,49304505104.97,0,-7641500,0,320782728.25,767300246358.62,648780953.18,1182.679983
20210104,MPS106,0,50657234000,0,0,846797272.38,0,154166666.67,0,0,0,51658197939.05,0,60450818.7,60450818.7,51597747120.35,50515000000,0,15137056563.05,-14117627725.45,18794500,0,44523782.75,51597747120.35,50515000,1021.43417
20210104,MPS131,0,133778757996,0,0,23472013.26,0,2397600000,0,0,0,136199830009.26,0,264814237.94,264814237.94,135935015771.32,145723000000,-12525379200,25411571989.54,-22766594631.59,-8074584,0,100492197.37,135935015771.32,133258000,1020.088969
20210104,MPS142,3000000000,258696522785,0,0,32057189.45,0,3246829737.44,0,3174689.62,0,264978584401.51,0,369347412.09,369347412.09,264609236989.42,266600000000,-5617080000,41795824432.57,-38372870136.61,591860,0,202770833.46,264609236989.42,261000000,1013.828494
20210104,MPS143,0,77361743970,0,0,102030464.49,0,1540238333.33,0,1412159,0,79005424926.82,0,172675843.2,172675843.2,78832749083.62,95000000000,-18710941760,15289540535.91,-12794029780.37,-11885850,0,60065938.08,78832749083.62,76408000,1031.73423
20210104,IDAMAN,0,15300922.88,0,0,629986.23,0,154062.44,1050458.33,1218950.17,1672.5,18356052.55,0,56105.25,56105.25,18299947.3,105834671.84,-91072513.57,3514579.06,0,16933.54,3154.55,3121.88,18299947.3,11946274.9085,1.531854
20210104,MPDSS3,0,49531519500,0,0,496042529.04,0,1176902173.91,0,0,0,51204464202.95,0,104539718.06,104539718.06,51099924484.89,49591450000,0,21516102041.54,-20035811086.96,318000,0,27865530.31,51099924484.89,49591450,1030.418035
20210104,MPDSS4,0,47550258720,0,0,533711937.51,0,1129826086.96,0,0,0,49213796744.47,0,99913158.92,99913158.92,49113883585.55,47607792000,0,20652009133.1,-19172964443.48,305280,0,26741615.93,49113883585.55,47607792,1031.635401
20210104,CC002FICOBLOPT00,0,622394991391.6,0,0,395715314,0,11699625001.29,0,11610.2,0,634490343317.09,0,-276630951.49,-276630951.49,634213712365.6,1467443660000,-1281129000000,355658427583.78,0,11011207406.14,25747982966.1,55481434409.58,634213712365.6,382782580.9226,1656.85
20210104,CC002MMCMPUOPT03,521000000000,0,0,0,697616621,0,314358309.95,0,128219178.08,0,522140194109.03,0,-301570391.02,-301570391.02,521838623718.01,800000000000,-300000000000,0,0,0,0,21838623718.01,521838623718.01,499045783.1096,1045.67
20210104,CC002PFCMPGDOL00,0,2372452.02,0,44814.93,95310.94,0,18751.55,0,64.44,12626.16,2544020.04,0,-16139.45,-16139.45,2527880.59,3697000,-1190932.8,124761.53,-144310,-51733.54,-13840.31,106935.71,2527880.59,2478201,1.020046
20210104,CC002PFCMPGDOL02,0,4694361.81,0,68980,133857.56,0,37103.62,0,26.85,62532.39,4996862.23,0,-46890.59,-46890.59,4949971.64,6898000,-2065316.33,860378.11,-643655.08,-297327.18,-10438.27,208330.39,4949971.64,4819268,1.027121
20210104,0080978,0,2619090525,0,0,141162607,0,12746772,0,5542148,0,2778542051,0,35900377,35900377,2742641674,2302562471000,-2298827879196,233422666309,-234415498908,-512775,0,1395243,2742641673,2135191.0122,1284.49
20210104,0081026,1000000000,65356729609,0,0,659144233,0,838071532,0,41142971,0,67895088344,0,287151456,287151456,67607936888,570538170286,-532147448866,29166917355,0,13636902,0,36661211,67607936888,17691724.2709,3821.44
20210104,0083139,11000000000,0,222132028003,0,1152201350,0,3658581,7550150611,185615392,1122048552,243145702489,15144881441,1812278452,16957159893,226188542596,6002974193650,-5554717134850,-229663569130,0,7666607075,0,-71554148,226188542597,249183815.4497,907.72
20210104,0083303,30000000000,4500000000,923357412794,0,2171121034,0,-145655370,50165583780,449893615,5544398297,1016042754150,53690500755,6760504928,60451005683,955591748467,5971645264224,-5065046696112,27696007364,0,15642055100,5976565591,-321447697,955591748469,414330270.9767,2306.35
20210104,0084863,8000000000,0,60478125460,0,1313158748,0,7136745,1593769808,3057535,436882966,71832131262,1783770581,1177076203,2960846784,68871284478,2485400250241,-2486905637842,68950857531,0,1316276225,132451201,-22912877,68871284480,63130306.457,1090.94
20210104,0085456,30000000000,886606725477,0,0,7297478469,0,11235407583,0,61882639,0,935201494167,0,3407497588,3407497588,931793996579,3830725724522,-3024410311159,188025091737,-63482679653,425941904,0,510229226,931793996577,378550598.7737,2461.48
20210104,0088997,1800000000,0,15054240040,0,391224005,0,3024132,313031711,53899339,158623654,17774042881,350085815,210584585,560670400,17213372481,233250516050,-214443523476,-1957946415,0,301932747,68747351,-6353776,17213372481,17489168.1356,984.23
20210104,0098301,1050000000,9852749725,13945608191,0,279920159,0,132063020,0,56897412,670800575,25988039082,0,219934405,219934405,25768104676,661025166773,-739873166970,104252937932,0,363145685,0,21254,25768104675,6322550.3903,4075.59
20210104,0098434,48000000000,703086274193,0,0,3531987298,0,10147485659,0,428224271,0,765193971421,16751965000,2410167573,19162132573,746031838847,8597711604226,-7953483534800,215065316952,-114658388509,1094963918,0,301877059,746031838847,518223683.6858,1439.59
20210104,0098442,6000000000,24479335420,2497816720,0,784959505,0,341429221,0,321733883,13041532,34438316282,0,219702327,219702327,34218613955,574814234565,-597982370848,57295832303,0,74794730,0,16123206,34218613956,9862398.5775,3469.6
20210104,CC002EQCD0MD0101,66500000000,0,944232103290,0,3015082125.28,0,94540709,47163555192,6539944504.64,311248566,1067856474386.92,-47258143884,-8117570028.95,-55375713912.95,1012480760473.97,48651475745,-203119348127,1249979914252.3,0,68510210465,-158182863596,6641371720,1012480760459,241820975.3513,4186.9
20210104,CC002MMCD0MD1501,0,0,0,0,35473716,0,1379,0,9292675.63,0,44767770.63,0,-43331383.63,-43331383.63,1436387,775000000000,-932915687773,152011122358.71,0,0,0,5906001801,1436387,0,0
20210104,CC002FICD0MD2201,53500000000,224433603734,0,0,1813662173,0,3088681814.7,10723389583,0,0,293559337304.7,0,-1633334445.7,-1633334445.7,291926002859,32490000000,-733000000000,977222572505.85,-30940000000,5625443877,12797642087,27730344389,291926002859,129488925.303,2254.44
20210104,CC002FICD0MD2301,20500000000,153307768950,0,0,2656887735,0,1792488800,0,0,0,178257145485,0,-72273864,-72273864,178184871621,11724759718,0,164847776434.62,-11724759718,1916742635,167406400,11252946151,178184871621,162362006.0621,1097.45
20210104,CC002FICD0MD2401,2000000000,326156608766,0,0,23835419503,0,4468398584.9,0,0,0,356460426853.9,0,-23102190131.9,-23102190131.9,333358236722,45000000000,-35000000000,281868185019.99,0,21900726909,845771694,18743553099,333358236722,192518390.7425,1731.56
20210104,CC002PFCD0MD2500,0,285200000000,0,0,850242285,0,1589546503,0,0,0,287639788788,0,-274643907,-274643907,287365144881,0,-36102925397,321579891500,-19248169688,88364800,138450000,20909533666,287365144881,284975730,1008.38
20210104,CC002PFCD0MD2600,0,263349000000,0,0,420216307,0,4224953845,0,1,0,267994170153,0,-205427717,-205427717,267788742436,0,-45910321430,308374022244,-18419080093,4182135259,189864741,19372121715,267788742436,261270000,1024.95
20210104,CC002FICD0MD2800,51500000000,831952932963,0,0,3578213407,0,8812107644,0,0,0,895843254014,0,-1538268180,-1538268180,894304985834,106040000000,-205000000000,991350781556,-64040000000,6712950652,-6008225600,65249479226,894304985834,858577755.454,1041.61
20210104,CC002PFCD0MD2900,3200000000,155611575000,0,0,145621081,0,1312761606,0,40,0,160269957727,0,-103273910,-103273910,160166683817,0,0,159284966351,-11713203286,437304000,0,12157616752,160166683817,153700000,1042.07
20210104,CC002PFCMD300211,0,77927248014,0,0,343283133,0,151977565,0,682344753,0,79104853465,0,-40405703,-40405703,79064447762,77187000000,0,0,-1096478342,1820128014,0,1153798090,79064447762,77187000,1024.32
20210104,CC002PFCMD310220,0,161193385220,0,0,916623421,0,314376192,0,1051003564,0,163475388397,0,-28336223,-28336223,163447052174,159366000000,0,0,-4847346116,4169385220,0,4759013070,163447052174,159366000,1025.6
20210104,CC002PFCMD320221,2400000000,164221529576,0,0,160293138,0,1660848846,0,513820215,0,168956491775,0,-34239191,-34239191,168922252584,165150000000,0,0,-7633097260,2842449576,0,8562900268,168922252584,165150000,1022.84
20210104,CC002PFCMD330222,800000000,102700031000,0,0,85746338,0,922916720,0,731858480,0,105240552538,0,-45353482,-45353482,105195199056,101900000000,0,0,-242326575,2520031000,0,1017494631,105195199056,101900000,1032.33
20210104,CC002PFCMD360228,0,275564502621,0,0,315574371,0,4119791923,0,5819499771,0,285819368686,0,-59750315,-59750315,285759618371,275500000000,0,0,-1915291095,9211502621,0,2963406845,285759618371,275500000,1037.23
20210104,CC002PFCMD400236,0,200456522000,0,0,487943508,0,1933396754,0,5690665202,0,208568527464,0,-144395703,-144395703,208424131761,207000000000,0,0,0,386522000,0,1037609761,208424131761,207000000,1006.87
20210104,CC002PFCMPGDOL03,135138,3506377.95,0,89694.14,5921,0,31260.35,0,16338.41,11740.32,3796470.17,0,-8694.68,-8694.68,3787775.49,4846000,-1174133.33,346702.54,-431750.83,11464.51,-2194,191686.6,3787775.49,3656749,1.035831
20210104,CC002PFCPRO13300,700000000,69601110579,0,0,51292217,0,1183240115.4,0,0,0,71535642911.4,0,-41419883.02,-41419883.02,71494223028.38,73000000000,-3040117750,7972201720.27,-11750594794.48,224192235,950000,5087591617.59,71494223028.38,69925000,1022.44
20210104,CC002PFCPRO14100,0,286352944560,0,0,676744260,0,4737394878.43,0,0,0,291767083698.43,0,-130588411.61,-130588411.61,291636495286.82,327340000000,-42687245608.31,30494097790.7,-46751327884.17,2568322252.21,-61042152.21,20733690888.6,291636495286.82,284339338.5,1025.66
20210104,CC002PFCPRO14400,0,148023674400,0,0,982421708,0,542708099.77,0,0,0,149548804207.77,0,-69233464.64,-69233464.64,149479570743.13,140010000000,0,24350880135.53,-30027350137.05,1251671400,0,13894369344.65,149479570743.13,140010000,1067.63
20210104,CC002PFCPRO16000,0,126711714214,0,0,162313802,0,359839671.56,0,0,0,127233867687.56,0,-62106544.06,-62106544.06,127171761143.5,149164000000,-23071753300,13115792917.69,-22726240272.99,1461043037.52,-69978823.52,9298897584.8,127171761143.5,125814000,1010.79
20210104,CC002PFCPRO16100,4000000000,266606050595,0,0,634339480,0,5035091547.76,0,0,15750000,276291231622.76,0,-4240540878.03,-4240540878.03,272050690744.73,354480000000,-89171059851.88,31954849654.12,-52820017335.28,-191678579.76,-22102318.24,27820699175.77,272050690744.73,266237540.5406,1021.83
20210104,CC002PFCPRO16200,0,171278165520,0,0,180299215,0,1800897650.72,0,0,0,173259362385.72,0,-102779720.37,-102779720.37,173156582665.35,204810000000,-37615090400,21093734032.96,-29162886027.38,-491834480,410920000,14111739539.77,173156582665.35,167643500,1032.88
20210104,CC002PFCPRO17000,17000000000,45000000000,0,0,2556935667,0,100087937.15,0,3287671.23,49218750,64709530025.38,0,-9751531386.15,-9751531386.15,54957998639.23,283100000000,-231208862283.52,25906620308.51,-41962144704.7,-8669428042.5,-3191812500,30983625861.44,54957998639.23,58457925.4575,940.12
20210104,CC002PFCPRO17100,0,272344186207,0,0,2578897287,0,3721853056.26,0,-0.1,180001.1,278645116551.26,0,-81910625.42,-81910625.42,278563205925.84,275600000000,-6314100000,24406920010.18,-36159384110.42,-2185476972.46,49839360.96,23165407637.58,278563205925.84,269400000,1034.01
20210104,CC002PFCPRO17800,1500000000,447822075840,0,0,42544904,0,4588966941.14,0,0,0,453953587685.14,0,-144491502,-144491502,453809096183.14,459500000000,-12041888669.28,25007414285.23,-52645054134.98,-4462727510,113000000,38338352212.17,453809096183.14,447617642,1013.83
20210104,CC002PFCPRO17900,2000000000,246509235300,0,0,102968786,0,2137518309.94,0,0,0.9,250749722396.84,0,-100934814.18,-100934814.18,250648787582.66,245400000000,-2854965771.84,13678425790.19,-24710784004.76,130363240,0,19005748329.07,250648787582.66,242604522,1033.15
20210104,CC002PFCPRO18000,3000000000,152280722932,0,0,362865652.07,0,3127230319.73,0,0,0,158770818903.8,0,-42425895.8,-42425895.8,158728393008,150000000000,0,15717897780.27,-18936986301.05,-1097616574,0,13045098102.78,158728393008,150000000,1058.18
20210104,CC002PFCPRO18300,600000000,56083974481,0,0,171422935,0,519195811,0,0,0,57374593227,0,-46988533.91,-46988533.91,57327604693.09,56100000000,0,3798702119.25,-6492230136.98,-735862828,0,4656995538.82,57327604693.09,56100000,1021.88
20210104,CC002PFCPROTK186,850000000,190154029580,0,0,103528178,0,3039517319.33,0,0,-1.08,194147075076.25,0,-140557133.46,-140557133.46,194006517942.79,188675000000,-3207078000,9583390912.57,-15134836506.84,1508662120,0,12581379417.06,194006517942.79,185525000,1045.71
20210104,CC002PFCPROTK187,500000000,236977039335,0,0,57164983,0,3757536355.42,0,0,-0.08,241291740673.34,0,-126670709.59,-126670709.59,241165069963.75,239450000000,-8352855267.62,13014598638.49,-19746424657.55,-259963081.59,143099581.59,16916614750.43,241165069963.75,231255222,1042.85
20210104,CC002PFCPROTK188,1200000000,74888458021,0,0,107301414,0,1186279864.91,0,0,-0.18,77382039299.73,0,-44924929.13,-44924929.13,77337114370.6,73800000000,0,4001839198.42,-6168284876.82,-221339290,0,5924899339,77337114370.6,73800000,1047.92
20210104,CC002PFCPROTK195,3700000000,205018806639,0,0,129005986,0,3724770941.23,0,0,853991.53,212573437557.76,0,-32765632.58,-32765632.58,212540671925.18,202350000000,0,2343158165.86,-13263626712.33,6614656740,0,14496483731.65,212540671925.18,202350000,1050.36
20210104,CC002PFCPROTK200,800000000,78370491750,0,0,188799403,0,1262038675.33,0,0,0,80621329828.33,0,-45214764.74,-45214764.74,80576115063.59,76350000000,0,3051846740.56,-5426916164.38,1216155000,0,5385029487.41,80576115063.59,76350000,1055.35
20210104,CC002PFCPROTEK21,0,83503625792.23,0,0,851919319,0,1346417341.24,0,0,0,85701962452.47,0,-55513412.98,-55513412.98,85646449039.49,84452000000,0,23760443055.34,-27313165052.05,29920035.54,0,4717251000.66,85646449039.49,84452000,1014.14
20210104,CC002PFCPROTK214,2600000000,257684651550,0,0,182257361,0,1614306707.85,0,0,1205551176.83,263286766795.68,0,-38455350.48,-38455350.48,263248311445.2,260500000000,0,0,-11510531506.85,2389151550,0,11869691402.05,263248311445.2,260500000,1010.55
20210104,CC002PFCPROTEK35,0,58037801900,0,0,904652860,0,856473218.18,0,-38.51,0,59798927939.67,0,-48744338.5,-48744338.5,59750183601.17,49602884658,0,20707852354.59,-17033731715.77,3005775940,0,3467402364.35,59750183601.17,49602884.658,1204.57
20210104,CC002PFCPROTEK51,0,60869772600,0,0,233249853,0,355298238.59,0,0,0,61458320691.59,0,-40639099.07,-40639099.07,61417681592.52,60017000000,0,18526523130.77,-21152128391.58,-768429600,0,4794716453.33,61417681592.52,60017000,1023.33
20210104,CC002PFCPROTEK67,0,80116210400,0,0,3355301532,0,157444009.81,0,97900000,0,83726855941.81,0,-1843793149.58,-1843793149.58,81883062792.23,81400000000,-397376000,23840941257.19,-31056986300.76,642521600,0,7453962235.8,81883062792.23,81000000,1010.9
20210104,CC002PFCPROTEK85,0,51425227000,0,0,461520834,0,973437132.81,0,0,0,52860184966.81,0,-29707715.41,-29707715.41,52830477251.4,50235000000,0,10431655573.27,-12231438008.28,455451000,0,3939808686.41,52830477251.4,50235000,1051.66
20210104,CC002PFSPRO16500,0,61738363800,0,0,206254618,0,1120816666.86,0,0,0,63065435084.86,0,-26838916.18,-26838916.18,63038596168.68,60010000000,0,8209694013.15,-9734937287.78,-482229600,0,5036069043.31,63038596168.68,60010000,1050.46
20210104,CC002PFSPRO16800,0,77224859600,0,0,527270200,0,861017361.27,0,0,0,78613147161.27,0,-35441736.05,-35441736.05,78577705425.22,75200000000,0,7344460921.02,-9889315068.52,-34790250,0,5957349822.72,78577705425.22,75200000,1044.91
20210104,CC002PECPTITBM00,900000000,56000000000,0,0,82360906,0,1614765410.95,0,4.14,0,58597126321.09,0,-653282210.58,-653282210.58,57943844110.51,58100000000,0,-35345864.64,0,0,0,-120810024.85,57943844110.51,58967670.5141,982.63
20210104,CC002PFCPROTEK78,0,48240879313.4,0,0,314122366.1,0,491329262.391454,0,0,0,49046330941.8915,0,53942296.756151,53942296.756151,48992388645.1353,48350000000,0,11801512673.45,-14518246575.28,-625776768.8,0,3984899315.7653,48992388645.1353,48350000,1013.286218
20210104,CC002PFCPROTEK79,0,48878072640,0,0,489285511.48,0,560048617.02402,0,0,0,49927406768.504,0,36591457.863848,36591457.863848,49890815310.6402,48050000000,0,12490854045.21,-15825484712.37,1076245440,0,4099200537.80017,49890815310.6402,48050000,1038.310412
20210104,CC002PFCPROTEK80,0,107225384000,0,0,1186439212.79,0,770376766.805637,0,0,0,109182199979.596,0,26224002.106129,26224002.106129,109155975977.49,100010000000,0,29877317343.85,-31886804799.62,2795935000,0,8359528433.25951,109155975977.49,100010000,1091.450615
20210104,CC002PFCPROTK109,0,49066370500,0,0,311518423.91,0,984651611.342592,0,0,0,50362540535.2526,0,50763240.333848,50763240.333848,50311777294.9187,50010000000,0,8043249848.8,-11272802054.99,-371089500,0,3902419001.10874,50311777294.9187,50010000,1006.034339
20210104,CC002PFCPROTK123,0,33095587900,0,0,1690932503.45,0,346275893.124794,0,0,0,35132796296.5748,0,50707172.415766,50707172.415766,35082089124.159,154745000000,-123259222785,13916628955.6,-14751970471.72,228352602,-1474882000,5678182823.27903,35082089124.159,33843057.311165,1036.611108
20210104,CC002PFCPROTK129,0,48455184500,0,0,337668586.11,0,444084426.220604,0,0,0,49236937512.3306,0,54668219.92015,54668219.92015,49182269292.4105,50010000000,0,6893601339.69,-9914311233,-1559815500,0,3752794685.72045,49182269292.4105,50010000,983.448696
20210104,CC002PFCPROTK135,0,31250215480,0,0,61843856.84,0,127804679.818649,0,0,0,31439864016.6586,0,33382483.56015,33382483.56015,31406481533.0985,31250000000,0,4230218888.62,-6244434931.42,-133774990.8,0,2304472566.6985,31406481533.0985,31250000,1005.007409
20210104,CC002PFCPROTK151,0,45802178820,0,0,806569479.133334,0,288273157.347109,0,0,4657500,46901678956.4804,0,57859099.438291,57859099.438291,46843819857.0422,66955000000,-20700000000,7381702411.65,-11275435999.86,-834997592.2,0,5317551037.45215,46843819857.0422,46490228.2262,1007.605719
20210104,CC002PFCPROTK152,3000000000,189195418960,0,0,3099059397.46416,0,1184863314.16154,0,147991667.9999,0,196627333339.626,0,77838718.302719,77838718.302719,196549494621.323,192270000000,0,22172753330.44,-33038833975.19,-1792416280,0,16937991546.0729,196549494621.323,192270000,1022.257735
20210104,CC002PFCPROTK154,6000000000,212409744000,0,0,955516380.066849,0,4675357740.12443,0,606557,0,224041224677.191,0,77023542.555721,77023542.555721,223964201134.636,200000000000,0,24872219085.51,-23298849315.45,7342195200,0,15048636164.5756,223964201134.636,200000000,1119.821006
20210104,CC002PFCPROTK157,0,169165120800,0,0,7727490853.86645,0,3748186696.62486,0,0,0,180640798350.491,0,72634123.840351,72634123.840351,180568164226.651,500000000000,-334635516438,39315655260.01,-37841002506.04,3637793300,245000000,9846234610.68096,180568164226.651,168561552.493766,1071.229836
20210104,CC002PFCPROTK158,3000000000,141842641760,0,0,3464520503.28038,0,159758625.846329,0,156770834.0005,0,148623691723.127,0,102572858.229595,102572858.229595,148521118864.898,150000000000,-4520852100,17722462897.68,-25453150686.09,-2613024440,125600000,13260083193.3076,148521118864.898,145500000,1020.763704
20210104,CC002PFCPROTK173,0,491197533000,0,0,28564879802.3593,0,10817549795.5741,0,0,0,530579962597.933,0,173676057.56244,173676057.56244,530406286540.371,490000000000,0,21186804583.87,-32511567123.29,16978826400,0,34752222679.791,530406286540.371,490000000,1082.461809
20210104,CC002PFCPROTK175,0,103301308000,0,0,323980196.34,0,1569237676.02302,0,0,0,105194525872.363,0,85514641.400678,85514641.400678,105109011230.962,100000000000,0,7597944850.31,-11204390410.67,964997000,0,7750459791.32234,105109011230.962,100000000,1051.090112
20210104,CC002FICOBLUT202,11000000000,1301392847880.27,0,0,1168461560.18634,0,19677741812.4173,16652986500,0,0,1349892037752.87,0,314431950.433653,314431950.433653,1349577605802.44,1446089000000,-358500000000,236853441293.22,-145689000000,72208499070.6792,10479767657.4208,88135897781.12,1349577605802.44,1074784486.07666,1255.672764
20210104,CC002MMCMPUO0202,113650000000,135989726911,0,0,620934722.800043,0,1649189158.45504,0,0,180000,251910030792.255,0,77104871.473491,77104871.473491,251832925920.782,234000000000,-20000000000,30547089243.09,-7000000000,-493799201.000001,-190854999.999999,14970490878.6916,251832925920.782,216285060.487504,1164.356546
20210104,CC002PFCPROTK177,1500000000,155441364000,0,0,358534673.23,0,3194809457.25998,0,0,0,160494708130.49,0,108319169.543984,108319169.543984,160386388960.946,151350000000,0,14729255204.68,-17646995342.48,-1120398000,0,13074527098.746,160386388960.946,151350000,1059.705246
20210104,CC002PFCPROTK181,2000000000,102589923000,0,0,266819576.552222,0,3682545284.28322,0,0,0,108539287860.835,0,43401484.583673,43401484.583673,108495886376.252,146200000000,-40584944444,7596383974,-11957148473.08,-1213124000,-8000000,8462719319.33177,108495886376.252,106183943.818701,1021.772996
20210104,CC002PFCPROTK198,500000000,52787942505,0,0,25331072.78,0,824546002.831211,0,0,0,54137819580.6112,0,53764224.818476,53764224.818476,54084055355.7927,52100000000,0,3483470747.19,-4804619178.07,-916449030,0,4221652816.67274,54084055355.7927,52100000,1038.081677
20210104,CC002PFCPROTK199,0,419372344550,0,0,20090009348.2,0,3529081289.72352,0,0,0,442991435187.924,0,274854226.4324,274854226.4324,442716580961.491,420500000000,0,13786538215.36,-17966870547.94,1664610650,0,24732302644.0711,442716580961.491,420500000,1052.833724
20210104,CC002PFCPROTK203,4600000000,260477375000,0,0,999011345.64164,0,615593346.636427,0,-0.0018,0,266691979692.276,0,320017722.765425,320017722.765425,266371961969.511,256080000000,0,12650237579.31,-25636063562.51,1690352500,0,21587435452.7108,266371961969.511,256080000,1040.190417
20210104,CC002PFCPROTK204,1900000000,103427797320,0,0,196529083.82,0,816370287.987256,0,-9.5E-05,0,106340696691.807,0,43205526.501224,43205526.501224,106297491165.306,105290000000,0,247483246.6,-6450094245.73,543586086,0,6666516078.43594,106297491165.306,105290000,1009.568726
20210104,CC002PFCPROTK206,5000000000,294759197595,0,0,237359491.06,0,3762689723.38494,0,879901560.61649,0,304639148370.061,0,37706994.300285,37706994.300285,304601441375.761,293401000000,0,0,-15369389369.49,8859197595,0,17710633150.2511,304601441375.761,293401000,1038.174517
20210104,CC002PFCPROTK209,800000000,78645944636,0,0,274962454.89,0,154416405.724143,0,238419838.42475,0,80113743335.0389,0,33266196.390938,33266196.390938,80080477138.6479,78053000000,0,0,-3194292294.76,1967824636,0,3253944797.40796,80080477138.6479,78053000,1025.975647
20210104,CC002PFCPROTK218,0,105745625124,0,0,451550168.403333,0,1067624032.82659,0,771008048.630058,0,108035807373.86,0,31745987.53388,31745987.53388,108004061386.326,105550000000,0,0,-2854187670.9,1748405124,0,3559843933.22611,108004061386.326,105550000,1023.250226
20210104,CC002PFCPROTK224,0,370320688969,0,0,5536484883.4,0,4937829396.74032,0,4945870479.45204,0,385740873728.592,0,5492228039.35832,5492228039.35832,380248645689.234,376200000000,0,0,0,1620688969,0,2427956720.23405,380248645689.234,376200000,1010.76195
20210104,CC002MMSMBPUAS00,16950000000,10543889930,0,0,2069412892.44,0,148916031.39,0,-803160275.92,0,28909058577.91,0,500176332.23,500176332.23,29409234910.14,159238197768.55,-134284322360.09,4448906848.6,0,-246500,0,6699153.08,29409234910.14,24900484.0646,1181.0708
20210104,CC002PFCPRO13900,0,138333017858,0,0,573669389.88,0,603803472.27,0,0,3279301.77,139513770021.92,0,-91403935.3,-91403935.3,139422366086.62,151000000000,-11398356977,28188100339.46,-28474277808.74,-6533201,0,113433733.9,139422366086.62,139580000,998.8707
20210104,CC002MMSMPUSEK00,37800000000,41195942240,0,0,1392521612.41,0,420661978.54,0,1772312137.76,13990470.34,82595428439.05,0,-1868045268.04,-1868045268.04,80727383171.01,702292780570.88,-629309923533.9,7710226168.72,0,-1308000,0,35607965.31,80727383171.01,74363759.6688,1085.5743
20210104,CC002PFSRDMMS217,7000000000,642632271255.35,0,0,5046966560.95,0,9930195723.22,0,0,0,664609433539.52,0,-194951161.15,-194951161.15,664414482378.37,657892306663,0,39405382753.77,-33368297793.95,27055526.26,0,458035229.29,664414482378.37,657892306.663,1009.9137
20210104,CC002MMSRDSMPU00,94850000000,55341911150,0,0,62500855.07,0,1104293561.65,0,0,0,151358705566.72,0,-33910989.25,-33910989.25,151324794577.47,150000000000,0,4134536922.73,-2884354199,-1760000,0,76371853.74,151324794577.47,150000000,1008.832
20210104,CC002PFSRDMMS227,20000000000,844411674169.98,0,0,773244469.18,0,13786956270.39,0,0,0,878971874909.55,0,-146621810.05,-146621810.05,878825253099.5,864600752284,0,24530857063.3,-10943713631.65,-884434.95,0,638241818.8,878825253099.5,864600752.284,1016.4521
20210104,CC002PFCRDM14747,12700000000,384614306700,0,0,63306625.68,0,7106281695.21,0,0,0,404483895020.89,0,338629070.55,338629070.55,404145265950.34,401300000000,0,48234747799.55,-79583836986.46,-2260017890,0,36454373027.25,404145265950.34,401300000,1007.0901
20210104,CC002PFCRDM17272,0,88670206548,0,0,592110358.07,0,140507500.02,0,0,0,89402824406.09,0,47705225.28,47705225.28,89355119180.81,95700000000,-8507263560.81,8418530843.95,-13819107989.18,611356548,407330000,6544273338.85,89355119180.81,87344130,1023.0237
20210104,CC002PFSRDSTM184,47000000000,1516202255000,0,0,320118671.37,0,24368489575.39,0,0,0,1587890863246.76,0,522306171.14,522306171.14,1587368557075.62,1530985750000,0,46765377133.19,-98806884167.61,1095020000,0,107329294110.04,1587368557075.62,1530985750,1036.8278
20210104,CC002PFCRDM19494,4300000000,260477375000,0,0,1242560622.89,0,614226221.5,0,0,0,266634161844.39,0,154297725.17,154297725.17,266479864119.22,258400000000,0,12979396207.5,-25503018082.18,1690352500,0,18913133493.9,266479864119.22,258400000,1031.2688
20210104,CC002PFCRDTMS201,1200000000,71062619250,0,0,433126665.18,0,605886330.66,0,0,0,73301632245.84,0,47190503.7,47190503.7,73254441742.14,70350000000,0,3779917954.25,-6504965753.42,199702160,0,5429787381.31,73254441742.14,70350000,1041.2856
20210104,CC002PFCRDTMS215,0,124655861821.4,0,0,1100511674.01,0,1373885395.82,0,0,1378540301.6,128508799192.83,0,25738334.12,25738334.12,128483060858.71,125300000000,0,0,-984034109.59,1736846821.4,0,2430248146.9,128483060858.71,125300000,1025.4035
20210104,CC002PFCRDTMS216,1000000000,179941222750,0,0,127223081.85,0,3049214592.87,0,0,3322727987.29,187440388412.01,0,29938858.5,29938858.5,187410449553.51,181700000000,0,0,-3320380821.92,4621722750,0,4409107625.43,187410449553.51,181700000,1031.4279
20210104,CC002PFCRDTMA207,4800000000,307826946600,0,0,150100004.13,0,3605130045.65,0,0,1413213560.46,317795390210.24,0,39606129.47,39606129.47,317755784080.77,310000000000,0,0,-15578561643.84,7814946600,0,15519399124.61,317755784080.77,310000000,1025.0187